Clarke2020: 10.48550/arXiv.2001.07488
Riley2018:  10.48550/arXiv.1809.00738
Fong2019:   10.48550/arXiv.1903.03671
